%YAML:1.0
means: !!opencv-matrix
   rows: 8
   cols: 8
   dt: d
   data: [ 3.1940726169450249e+02, 5.9323498757064965e+02,
       3.2141319698129513e+02, 4.8516228071815084e+02,
       3.0179379642432684e+02, 3.9757744741568672e+02,
       2.3860651832904722e+02, 3.1124942672240121e+02,
       4.7712827028020047e+02, 4.6196265273845017e+02,
       4.7062665572926875e+02, 3.5306513178498290e+02,
       4.5568661842301168e+02, 2.5814321232763444e+02,
       3.9007736070959385e+02, 1.6403735301674632e+02,
       5.5146489846373549e+02, 4.3796331666532950e+02,
       5.2281559532652705e+02, 4.0284858853520529e+02,
       4.7335549533009078e+02, 3.1319261051536921e+02,
       4.0783927727611598e+02, 2.3067959249916711e+02,
       3.9742588046563168e+02, 4.6361087008559429e+02,
       3.9148265781303888e+02, 3.6405989265964689e+02,
       3.7370820432436983e+02, 2.7546480426828634e+02,
       3.1238201492679826e+02, 1.8815873544995318e+02,
       5.5311123711336234e+02, 5.4049356717777948e+02,
       5.3855747121588888e+02, 4.3775879644069056e+02,
       5.2310465728285567e+02, 3.5028283985391863e+02,
       4.5560234526608895e+02, 2.6355928645746275e+02,
       4.2672627956753252e+02, 5.9133087733486616e+02,
       4.1706638527384058e+02, 4.7961307019128981e+02,
       3.9582675076000015e+02, 3.8787996787030460e+02,
       3.2867400261927918e+02, 2.9659006233608437e+02,
       4.4947221065497098e+02, 2.2678325049413485e+02,
       4.5576760750413661e+02, 3.1305969190979084e+02,
       3.7095332110473407e+02, 3.2075447227581475e+02,
       3.0485232499130007e+02, 2.3637702210914148e+02,
       3.0930373660401239e+02, 4.6619409846615622e+02,
       3.0904775211091646e+02, 4.1442293206790117e+02,
       2.7514417394538413e+02, 3.2315555677767878e+02,
       2.1116665642708713e+02, 2.3946520935571792e+02 ]
covs: !!opencv-matrix
   rows: 64
   cols: 8
   dt: d
   data: [ 4.3641594918848132e+03, -2.1822991996568617e+03,
       3.0338219950867692e+03, -1.4983560884811011e+03,
       2.8314755909391365e+03, -8.3250432862312027e+02,
       2.8559809546398651e+03, -4.4007708909302687e+02,
       -2.1822991996568617e+03, 4.6801022689774300e+03,
       -1.0433879120938946e+03, 3.2524773046381470e+03,
       -9.1653688683379005e+02, 2.1037303553715092e+03,
       -1.1272642564631026e+03, 1.2705307550675775e+03,
       3.0338219950867692e+03, -1.0433879120938948e+03,
       2.7974493858197334e+03, -7.5540291320394988e+02,
       2.8082935759224724e+03, -5.9357935979419403e+02,
       2.8780779565430985e+03, -3.8271334250707065e+02,
       -1.4983560884811011e+03, 3.2524773046381470e+03,
       -7.5540291320394965e+02, 2.3782684092144927e+03,
       -6.5904064484687399e+02, 1.6261100672000816e+03,
       -7.8775259119113605e+02, 1.0350724969970931e+03,
       2.8314755909391365e+03, -9.1653688683379005e+02,
       2.8082935759224724e+03, -6.5904064484687399e+02,
       2.9591630258602763e+03, -5.6768348232226515e+02,
       3.1052807772813371e+03, -4.1326321178570703e+02,
       -8.3250432862312027e+02, 2.1037303553715092e+03,
       -5.9357935979419403e+02, 1.6261100672000816e+03,
       -5.6768348232226504e+02, 1.3077362113951290e+03,
       -6.5755701871296696e+02, 9.1177448757831917e+02,
       2.8559809546398646e+03, -1.1272642564631026e+03,
       2.8780779565430985e+03, -7.8775259119113616e+02,
       3.1052807772813371e+03, -6.5755701871296696e+02,
       3.3658785590339739e+03, -5.0430966667591389e+02,
       -4.4007708909302687e+02, 1.2705307550675780e+03,
       -3.8271334250707048e+02, 1.0350724969970931e+03,
       -4.1326321178570714e+02, 9.1177448757831917e+02,
       -5.0430966667591389e+02, 7.4375185548634568e+02,
       2.5700877357589793e+03, -4.3036818720532352e+02,
       2.0179995005345290e+03, -2.4742398712996871e+02,
       1.8370769570420834e+03, -3.8459040583446679e+01,
       1.7554440702381869e+03, 1.8405655156516917e+02,
       -4.3036818720532358e+02, 1.3545775332731478e+03,
       -4.8584722288562304e+01, 8.6813865782030723e+02,
       3.5631544481388289e+01, 4.6415142403447544e+02,
       -6.8160899256016492e+01, 2.1232874685454476e+02,
       2.0179995005345290e+03, -4.8584722288562318e+01,
       2.0369727256916954e+03, -4.0324692015931824e+01,
       1.9929181721516416e+03, -2.4801132740561968e+01,
       1.9364142227728835e+03, 1.4115862066380538e+02,
       -2.4742398712996871e+02, 8.6813865782030734e+02,
       -4.0324692015931824e+01, 7.1249317960370922e+02,
       3.6493318716356150e+01, 5.6853270234292609e+02,
       5.7797183050510284e+01, 4.7354542507151274e+02,
       1.8370769570420839e+03, 3.5631544481388296e+01,
       1.9929181721516416e+03, 3.6493318716356185e+01,
       2.0692920638362339e+03, 2.5042290837983543e+01,
       2.0838194023233773e+03, 1.3134536229684016e+02,
       -3.8459040583446679e+01, 4.6415142403447544e+02,
       -2.4801132740561965e+01, 5.6853270234292609e+02,
       2.5042290837983533e+01, 6.8615338021635193e+02,
       1.3880584680970577e+02, 7.4005119718578931e+02,
       1.7554440702381869e+03, -6.8160899256016521e+01,
       1.9364142227728835e+03, 5.7797183050510306e+01,
       2.0838194023233777e+03, 1.3880584680970580e+02,
       2.2529118460524273e+03, 2.5962305269837702e+02,
       1.8405655156516917e+02, 2.1232874685454476e+02,
       1.4115862066380538e+02, 4.7354542507151274e+02,
       1.3134536229684016e+02, 7.4005119718578931e+02,
       2.5962305269837702e+02, 1.0260569222150677e+03,
       2.1834993096444632e+04, -1.3314825771996921e+03,
       1.1272468758110896e+04, -8.8695901776254470e+02,
       6.6858863558452413e+03, 4.8781861802194243e+02,
       6.1364950428232141e+03, 1.7878469501809411e+02,
       -1.3314825771996918e+03, 1.1697555196384998e+04,
       -9.8624250138879302e+02, 5.7687903308468622e+03,
       3.1417063085059590e+02, 3.8953540530731921e+03,
       6.8646856436854563e+01, 3.6095635418179872e+03,
       1.1272468758110896e+04, -9.8624250138879313e+02,
       8.3765647725218168e+03, 7.0222597276971015e+01,
       6.0730498865817208e+03, 3.5125494200730685e+02,
       5.5806674762062721e+03, 1.7997232285030455e+02,
       -8.8695901776254470e+02, 5.7687903308468622e+03,
       7.0222597276971015e+01, 5.2629148279279216e+03,
       3.8319914826536404e+02, 3.8845966294418608e+03,
       2.3873546259218662e+02, 3.5909607761912516e+03,
       6.6858863558452404e+03, 3.1417063085059590e+02,
       6.0730498865817208e+03, 3.8319914826536393e+02,
       5.6701493745750304e+03, 1.6666233099321636e+02,
       5.3939804278629890e+03, 3.5620412062911313e+01,
       4.8781861802194243e+02, 3.8953540530731921e+03,
       3.5125494200730691e+02, 3.8845966294418595e+03,
       1.6666233099321630e+02, 3.6542463230237677e+03,
       1.9463060823233155e+02, 3.4859320813057720e+03,
       6.1364950428232141e+03, 6.8646856436854577e+01,
       5.5806674762062721e+03, 2.3873546259218674e+02,
       5.3939804278629899e+03, 1.9463060823233153e+02,
       5.3739995594765296e+03, 6.0742592069703818e+01,
       1.7878469501809411e+02, 3.6095635418179872e+03,
       1.7997232285030464e+02, 3.5909607761912516e+03,
       3.5620412062911271e+01, 3.4859320813057720e+03,
       6.0742592069703818e+01, 3.5016754514190657e+03,
       2.2635107874328701e+03, -5.5001042486137862e+02,
       1.1753008040788488e+03, -3.5058215464104148e+02,
       8.1794029831620333e+02, -1.0746969806343030e+02,
       7.0789312726591641e+02, -1.6017551591643123e+01,
       -5.5001042486137862e+02, 2.0288362181752964e+03,
       -7.2445868426378553e+01, 1.4708408332422539e+03,
       5.9974144790354991e+01, 1.0709060574108501e+03,
       -3.5517032756375233e+00, 7.9947440496710669e+02,
       1.1753008040788488e+03, -7.2445868426378581e+01,
       1.1142879368702545e+03, -1.4087935186686425e+02,
       1.0457138308433321e+03, -2.0609977308200337e+02,
       9.6744094462783255e+02, -2.1737639751777490e+02,
       -3.5058215464104148e+02, 1.4708408332422541e+03,
