%YAML:1.0
means: !!opencv-matrix
   rows: 8
   cols: 8
   dt: d
   data: [ 3.0487000476440232e+02, 4.5784691807854023e+02,
       2.9138399834898729e+02, 3.7973391605913213e+02,
       2.5144316045972647e+02, 2.8336294848830278e+02,
       1.7730507621977125e+02, 1.9160311505989961e+02,
       6.1642672439068849e+02, 4.9489145471032589e+02,
       5.7931884428966760e+02, 4.5123096229192055e+02,
       5.1380545253827120e+02, 3.4314750205798373e+02,
       4.2886041292305305e+02, 2.3463969117530536e+02,
       2.8946604829027848e+02, 5.4269472533902194e+02,
       2.9645463914344424e+02, 4.7834280278661726e+02,
       2.5488904701358820e+02, 3.5908408589060480e+02,
       1.7299272006975124e+02, 2.5177855654674258e+02,
       3.9369777847049045e+02, 5.4076071619588595e+02,
       3.8421562670503755e+02, 4.3323297515178808e+02,
       3.6292187626948009e+02, 3.3990968498549751e+02,
       2.9672577645428674e+02, 2.4884536043180861e+02,
       5.4677593212755585e+02, 2.3203704133794466e+02,
       5.4348910941225824e+02, 3.1644079963444221e+02,
       4.3679413502576830e+02, 3.4374226373219904e+02,
       3.5309641711927316e+02, 2.3776769573079201e+02,
       3.7010942338522506e+02, 2.9874595606173079e+02,
       3.5932763380789925e+02, 3.3518647566515835e+02,
       2.8330899175671033e+02, 3.0729347448625407e+02,
       2.0732304190042660e+02, 2.1174322958429320e+02,
       5.3347409216901599e+02, 6.2625625026291618e+02,
       5.0666451135708161e+02, 5.0414655234024235e+02,
       4.7496207094957020e+02, 3.9463479324954329e+02,
       3.9399752600729232e+02, 2.8865209932450142e+02,
       5.1186526267389252e+02, 4.8964769440208568e+02,
       4.9948183523297234e+02, 3.8593968836474448e+02,
       4.7938782857591389e+02, 2.9562429118342271e+02,
       4.1303288945477544e+02, 2.1058412666524228e+02 ]
covs: !!opencv-matrix
   rows: 64
   cols: 8
   dt: d
   data: [ 8.4653214739472951e+03, 8.3523865683558222e+02,
       3.8213850057511345e+03, -2.1297911674895534e+01,
       2.2993021272394431e+03, 1.8026776023484535e+02,
       1.9540489721524650e+03, 1.1175005130606728e+01,
       8.3523865683558199e+02, 6.4582336475092461e+03,
       2.8376089145630675e+02, 2.1452608126131622e+03,
       8.8826564471408915e+02, 1.1585058732620887e+03,
       5.5616322186464890e+02, 7.2183581871835713e+02,
       3.8213850057511345e+03, 2.8376089145630681e+02,
       2.9923205983693024e+03, 2.5822198072185262e+02,
       2.5771102666205156e+03, 2.6155062897743466e+02,
       2.4929766942218748e+03, 2.7524655078633299e+02,
       -2.1297911674895570e+01, 2.1452608126131627e+03,
       2.5822198072185256e+02, 2.0940510596093422e+03,
       3.7561007926403005e+02, 1.9245455513558177e+03,
       4.7892804017659284e+02, 1.9373800111150613e+03,
       2.2993021272394431e+03, 8.8826564471408892e+02,
       2.5771102666205161e+03, 3.7561007926403005e+02,
       2.9897740597837328e+03, 2.9641681508237554e+02,
       3.1308917242271459e+03, 3.8188317668900538e+02,
       1.8026776023484535e+02, 1.1585058732620892e+03,
       2.6155062897743466e+02, 1.9245455513558177e+03,
       2.9641681508237554e+02, 2.4268473926239603e+03,
       6.7110379946467174e+02, 2.7351139537481081e+03,
       1.9540489721524650e+03, 5.5616322186464890e+02,
       2.4929766942218748e+03, 4.7892804017659284e+02,
       3.1308917242271459e+03, 6.7110379946467162e+02,
       3.6338984902691845e+03, 9.6224661059809853e+02,
       1.1175005130606612e+01, 7.2183581871835725e+02,
       2.7524655078633299e+02, 1.9373800111150613e+03,
       3.8188317668900550e+02, 2.7351139537481081e+03,
       9.6224661059809853e+02, 3.4105754730180392e+03,
       4.6539905594233504e+04, 3.0608388701412100e+03,
       2.5967091047389207e+04, 2.4322847400692458e+03,
       1.6446307602817335e+04, 3.2223206078060116e+03,
       1.4144702339236233e+04, 1.2359691829500639e+03,
       3.0608388701412105e+03, 3.1639957259984123e+04,
       1.6827163603298943e+03, 1.5719907590325880e+04,
       4.2933601172588887e+03, 8.7861892354679530e+03,
       2.8816983755080491e+03, 6.9354337074925861e+03,
       2.5967091047389207e+04, 1.6827163603298945e+03,
       1.9894015277412393e+04, 2.9259764232292946e+03,
       1.4759750092085704e+04, 2.4899239916167512e+03,
       1.2950353627855655e+04, 1.0679093010275731e+03,
       2.4322847400692458e+03, 1.5719907590325880e+04,
       2.9259764232292951e+03, 1.2288936548581147e+04,
       3.1137587187989475e+03, 7.9550237378717793e+03,
       2.1253296703376100e+03, 6.4717494824585292e+03,
       1.6446307602817335e+04, 4.2933601172588887e+03,
       1.4759750092085704e+04, 3.1137587187989470e+03,
       1.3808632620452738e+04, 1.9184514505635743e+03,
       1.2651630911304199e+04, 8.9108837217123528e+02,
       3.2223206078060125e+03, 8.7861892354679530e+03,
       2.4899239916167508e+03, 7.9550237378717802e+03,
       1.9184514505635743e+03, 7.1290166374448809e+03,
       1.5934950081971140e+03, 6.3535876699928758e+03,
       1.4144702339236233e+04, 2.8816983755080496e+03,
       1.2950353627855651e+04, 2.1253296703376100e+03,
       1.2651630911304199e+04, 1.5934950081971137e+03,
       1.2282213830664545e+04, 9.2754463768032736e+02,
       1.2359691829500641e+03, 6.9354337074925870e+03,
       1.0679093010275731e+03, 6.4717494824585292e+03,
       8.9108837217123505e+02, 6.3535876699928758e+03,
       9.2754463768032736e+02, 6.3640779682752118e+03,
       2.2455830390035848e+04, -9.2008514511965029e+02,
       1.1285274317390320e+04, -1.8066799024351621e+03,
       6.0890149964733037e+03, 1.0537719102149765e+03,
       5.5278297013638366e+03, 1.3248047673252493e+03,
       -9.2008514511964995e+02, 2.6272105366226937e+04,
       -7.4979825907137138e+02, 1.3375117611319512e+04,
       1.5919573252644551e+02, 9.0814027121095787e+03,
       -1.1016002467578035e+03, 6.9909390179940292e+03,
       1.1285274317390318e+04, -7.4979825907137160e+02,
       9.0409630900936154e+03, -3.3040863989597761e+02,
       6.7192110635134195e+03, 6.9325509548468369e+02,
       6.3235684713958017e+03, 1.0184806713253627e+03,
       -1.8066799024351621e+03, 1.3375117611319514e+04,
       -3.3040863989597773e+02, 1.1140285886288822e+04,
       -1.6108330335548882e+01, 8.0280041561659373e+03,
       -7.2823541107955486e+02, 6.4773982882850214e+03,
       6.0890149964733037e+03, 1.5919573252644548e+02,
       6.7192110635134195e+03, -1.6108330335548885e+01,
       7.2030098343033533e+03, 3.1559687438321930e+02,
       7.2282978343758105e+03, 8.2412880864651402e+02,
       1.0537719102149765e+03, 9.0814027121095787e+03,
       6.9325509548468403e+02, 8.0280041561659355e+03,
       3.1559687438321919e+02, 7.2950841844596789e+03,
       3.0403057931551466e+01, 6.4811802471321398e+03,
       5.5278297013638366e+03, -1.1016002467578035e+03,
       6.3235684713958026e+03, -7.2823541107955486e+02,
       7.2282978343758095e+03, 3.0403057931551633e+01,
       7.9316205958436412e+03, 8.4202226188232623e+02,
       1.3248047673252493e+03, 6.9909390179940292e+03,
       1.0184806713253627e+03, 6.4773982882850214e+03,
       8.2412880864651368e+02, 6.4811802471321398e+03,
       8.4202226188232623e+02, 6.4394006230200775e+03,
       2.7667871957963916e+03, -1.8649650820877542e+02,
       1.7825191120593706e+03, -6.8765277843936033e+01,
       1.4356301879833288e+03, 6.5333417019301223e+01,
       1.2683165188402181e+03, 9.3162915397840635e+01,
       -1.8649650820877537e+02, 3.5326292335831231e+03,
       1.0473466162231558e+02, 2.9046797563838404e+03,
       1.5808218379189265e+02, 2.5206414430297182e+03,
       2.1402000195109704e+01, 2.2607952033851957e+03,
       1.7825191120593706e+03, 1.0473466162231560e+02,
       1.7991658434209598e+03, -2.8139804229065437e+01,
       1.7647823167013369e+03, -1.4359407663234100e+02,
       1.6635901534788757e+03, -1.7978029406409311e+02,
       -6.8765277843936033e+01, 2.9046797563838404e+03,
       -2.8139804229065408e+01, 2.6956732107707908e+03,
