%YAML:1.0
means: !!opencv-matrix
   rows: 8
   cols: 8
   dt: d
   data: [ 3.1243307588444725e+02, 5.5066686279490580e+02,
       3.1119143344429688e+02, 4.5354045985742135e+02,
       3.2918112501190382e+02, 3.6912066283016918e+02,
       3.8789697506551545e+02, 2.9577540865587196e+02,
       2.2792558066861221e+02, 4.0562019520571397e+02,
       2.3012627050525413e+02, 3.2987607839483377e+02,
       2.4252642925619534e+02, 2.6128301016284559e+02,
       2.9264255014677894e+02, 1.9984012173459470e+02,
       4.0714349930948225e+02, 4.5796033695416861e+02,
       3.7755598335913402e+02, 3.9854764914491119e+02,
       3.8034307266044380e+02, 3.2393400933013834e+02,
       4.3134910579640155e+02, 2.5563188222292786e+02,
       1.4154867443004630e+02, 4.0817114261762617e+02,
       1.6008783644278989e+02, 3.6390249898184220e+02,
       1.9121623346845610e+02, 2.9512891026355550e+02,
       2.4529750800390337e+02, 2.2932823315992889e+02,
       2.0702207394448951e+02, 5.1441253902385665e+02,
       2.0827545013645397e+02, 4.3256703218389879e+02,
       2.2791038943981903e+02, 3.6123667903030287e+02,
       2.8630724057887210e+02, 3.0149693650725806e+02,
       2.1228371797282659e+02, 2.4144500371951037e+02,
       2.0622617902530678e+02, 3.0181902115290370e+02,
       2.6552194587327324e+02, 3.0288222625728258e+02,
       3.2354026764302705e+02, 2.3787578469721024e+02,
       7.8908286609346334e+01, 5.1899450598903718e+02,
       8.0688286176760130e+01, 4.6186935315507537e+02,
       1.1239642281102280e+02, 3.7521733928678077e+02,
       1.7801965502659030e+02, 2.9786094120171134e+02,
       2.9628216848613158e+02, 4.1137557032634379e+02,
       2.9727888238612456e+02, 3.7351177005876320e+02,
       3.2570152070353765e+02, 3.0309295253522026e+02,
       3.8223981872938776e+02, 2.3762500604307144e+02 ]
covs: !!opencv-matrix
   rows: 64
   cols: 8
   dt: d
   data: [ 2.2509242637566203e+03, 1.1160081531329890e+03,
       1.1661565565578919e+03, 8.9920738141173786e+02,
       8.8642572847944541e+02, 6.1181095229698769e+02,
       8.9823844252594552e+02, 5.1246184352588148e+02,
       1.1160081531329890e+03, 2.2196956246362251e+03,
       7.6918928748944165e+02, 1.5629500457801546e+03,
       7.3617833221307478e+02, 1.0155836120337324e+03,
       8.6846888978267475e+02, 7.4213187801673678e+02,
       1.1661565565578921e+03, 7.6918928748944165e+02,
       1.0525448517843481e+03, 6.8289559543870314e+02,
       9.7679372844472562e+02, 6.1118006180192526e+02,
       9.8578244857482912e+02, 5.4244887755073353e+02,
       8.9920738141173786e+02, 1.5629500457801546e+03,
       6.8289559543870314e+02, 1.2452755348361209e+03,
       6.3712662085935517e+02, 8.5911883052473320e+02,
       6.7946844809734944e+02, 6.5618632105106917e+02,
       8.8642572847944541e+02, 7.3617833221307467e+02,
       9.7679372844472562e+02, 6.3712662085935517e+02,
       1.1021115025362337e+03, 6.0605925866539451e+02,
       1.1979581829987010e+03, 5.6988270681088500e+02,
       6.1181095229698781e+02, 1.0155836120337325e+03,
       6.1118006180192526e+02, 8.5911883052473320e+02,
       6.0605925866539451e+02, 7.5567670875865144e+02,
       6.1899773708691851e+02, 6.1706550628204820e+02,
       8.9823844252594563e+02, 8.6846888978267464e+02,
       9.8578244857482923e+02, 6.7946844809734932e+02,
       1.1979581829987010e+03, 6.1899773708691851e+02,
       1.4229845402322437e+03, 5.9627978842348796e+02,
       5.1246184352588148e+02, 7.4213187801673666e+02,
       5.4244887755073353e+02, 6.5618632105106917e+02,
       5.6988270681088488e+02, 6.1706550628204820e+02,
       5.9627978842348796e+02, 5.5875478843687438e+02,
       5.0513765613505228e+02, -6.3904083460489346e+01,
       2.5355433852251142e+02, -5.0570426192749025e+01,
       1.5758004015934102e+02, -1.0964410287932347e+02,
       1.0341901475888227e+02, -1.4044979407030496e+02,
       -6.3904083460489346e+01, 3.9707991529957269e+02,
       -1.1055292676656690e+02, 3.0907563256516255e+02,
       -7.6143846121341497e+01, 2.3860653727747820e+02,
       -1.7318422776189472e+01, 3.0075703186745744e+02,
       2.5355433852251142e+02, -1.1055292676656690e+02,
       2.4165154469065897e+02, -6.9116911155796871e+01,
       1.7378632886573871e+02, -4.6493113263836321e+01,
       1.0912316753863293e+02, -7.4881910366358838e+01,
       -5.0570426192749025e+01, 3.0907563256516255e+02,
       -6.9116911155796871e+01, 3.0154084718779228e+02,
       -4.0947889230138308e+01, 2.7481352110293403e+02,
       -1.0993398544967437e+01, 3.3501137054989209e+02,
       1.5758004015934102e+02, -7.6143846121341497e+01,
       1.7378632886573874e+02, -4.0947889230138308e+01,
       1.5390580785679666e+02, -7.1511111901054045e+00,
       1.1897943894182104e+02, -1.4175113911899807e+01,
       -1.0964410287932344e+02, 2.3860653727747820e+02,
       -4.6493113263836307e+01, 2.7481352110293403e+02,
       -7.1511111901054045e+00, 3.3280135109107755e+02,
       1.0149528367233902e+01, 4.0265112092631057e+02,
       1.0341901475888227e+02, -1.7318422776189472e+01,
       1.0912316753863290e+02, -1.0993398544967437e+01,
       1.1897943894182104e+02, 1.0149528367233904e+01,
       1.3486360327212032e+02, 2.6857206187277090e+01,
       -1.4044979407030493e+02, 3.0075703186745750e+02,
       -7.4881910366358838e+01, 3.3501137054989209e+02,
       -1.4175113911899807e+01, 4.0265112092631063e+02,
       2.6857206187277079e+01, 5.0096404511889449e+02,
       5.4380370227942585e+03, -2.2234094362791875e+03,
       2.4852802590539200e+03, -4.6083122906550034e+02,
       7.3427229541765359e+02, -4.6253086315561472e+02,
       5.6796003742631842e+02, -6.2443532096333502e+02,
       -2.2234094362791875e+03, 5.4521666128214301e+03,
       -1.3014528790098682e+03, 3.1341929267763830e+03,
       -5.5109299739788696e+01, 2.2266014342795752e+03,
       2.1932304988083391e+02, 2.1476938264270575e+03,
       2.4852802590539200e+03, -1.3014528790098684e+03,
       1.8416721948220556e+03, -6.2093803293011138e+02,
       1.0320061530550154e+03, -4.9141300739798305e+02,
       9.4524854513264859e+02, -5.6825689223650727e+02,
       -4.6083122906550034e+02, 3.1341929267763830e+03,
       -6.2093803293011138e+02, 2.6596259230373839e+03,
       -4.0683212321997695e+02, 2.0802327806121466e+03,
       -2.7912051246295800e+02, 1.9582126491021193e+03,
       7.3427229541765359e+02, -5.5109299739788682e+01,
       1.0320061530550154e+03, -4.0683212321997695e+02,
       1.4204992305374662e+03, -4.8247768881738426e+02,
       1.4667935749653041e+03, -4.5160271446480493e+02,
       -4.6253086315561472e+02, 2.2266014342795752e+03,
       -4.9141300739798305e+02, 2.0802327806121466e+03,
       -4.8247768881738426e+02, 1.9097411272886388e+03,
       -4.0940144424558241e+02, 1.8182553512098834e+03,
       5.6796003742631842e+02, 2.1932304988083391e+02,
       9.4524854513264859e+02, -2.7912051246295800e+02,
       1.4667935749653041e+03, -4.0940144424558235e+02,
       1.8788170238984537e+03, -3.5711205398978956e+02,
       -6.2443532096333502e+02, 2.1476938264270580e+03,
       -5.6825689223650727e+02, 1.9582126491021195e+03,
       -4.5160271446480493e+02, 1.8182553512098834e+03,
       -3.5711205398978956e+02, 1.8051771964750887e+03,
       6.4802185065762515e+03, 1.6503167883682493e+03,
       3.8882456494795192e+03, 1.1001656705763021e+03,
       2.4775757839310522e+03, 5.9721771150208008e+02,
       2.2231396245631645e+03, 6.0310277883811739e+02,
       1.6503167883682493e+03, 6.9893785870130832e+03,
       1.8478666622227277e+03, 3.6429295653866620e+03,
       1.1651365224784961e+03, 2.6014462057593287e+03,
       1.2747511143669576e+03, 2.4850034428517124e+03,
       3.8882456494795192e+03, 1.8478666622227277e+03,
       3.5886309291157936e+03, 1.0676897311613684e+03,
       2.8140584548449324e+03, 7.3837769422955421e+02,
       2.5942270848254038e+03, 7.5259414708436123e+02,
       1.1001656705763019e+03, 3.6429295653866620e+03,
       1.0676897311613682e+03, 2.8994271371366349e+03,
