%YAML:1.0
means: !!opencv-matrix
   rows: 8
   cols: 8
   dt: d
   data: [ 2.2296394258346274e+02, 4.3808090139962928e+02,
       2.3043923594979975e+02, 3.6579155587476447e+02,
       2.5917748810356471e+02, 2.7716676206075851e+02,
       3.2640562130086852e+02, 1.9852923775303714e+02,
       3.9664510667392943e+02, 4.3580266578218402e+02,
       3.7335656306205101e+02, 3.7677889205127150e+02,
       3.8836756532617215e+02, 2.8764132548544865e+02,
       4.5445168190372902e+02, 2.0574059217997029e+02,
       3.5030562547633900e+02, 5.5687036388472336e+02,
       3.4146640744648471e+02, 4.6470029325221805e+02,
       3.6776680966668022e+02, 3.7019807747854225e+02,
       4.3366539200946607e+02, 2.8899160370382117e+02,
       4.5305083081995569e+01, 5.7242146356674596e+02,
       6.5482957705967394e+01, 4.7121994189066788e+02,
       9.7972336097763062e+01, 3.7358870238308725e+02,
       1.6764380300701129e+02, 2.8959948907389554e+02,
       6.9262311023898306e+01, 2.7113989404634617e+02,
       7.2785917085473116e+01, 3.3559601098801710e+02,
       1.4451368914971769e+02, 3.0934403822984194e+02,
       2.1521028531044820e+02, 2.2981966409396836e+02,
       7.2264089447017511e+01, 4.3971740228800462e+02,
       9.4120760443211239e+01, 3.7180931849645975e+02,
       1.2837045746497844e+02, 2.8458213533367632e+02,
       1.9403138820449030e+02, 2.0444337458735041e+02,
       2.8739281245609851e+02, 2.8594911603628231e+02,
       2.7324675555902695e+02, 3.4099715490606428e+02,
       3.2827986828622682e+02, 3.0397138430090030e+02,
       3.9732945470399949e+02, 2.2480071143426707e+02,
       1.8552921390555755e+02, 5.5215635784066774e+02,
       1.9117249987418631e+02, 4.6413984877642645e+02,
       2.1524526355434756e+02, 3.6931864845266489e+02,
       2.8265421852525674e+02, 2.8847712178516412e+02 ]
covs: !!opencv-matrix
   rows: 64
   cols: 8
   dt: d
   data: [ 5.7103510980806986e+03, 6.1635794447770786e+02,
       2.4736233761945691e+03, 6.9725320398200370e+02,
       1.2379337201291119e+03, 2.9675185087867845e+02,
       1.0464917811752032e+03, 2.4756892759954943e+02,
       6.1635794447770820e+02, 3.1892669198667472e+03,
       7.5749042190199555e+02, 1.4481795822166157e+03,
       6.3350497719566488e+02, 9.1689653882241237e+02,
       7.7162404467154886e+02, 7.1557410700787432e+02,
       2.4736233761945687e+03, 7.5749042190199566e+02,
       2.6096190064991220e+03, 2.9285155930640963e+02,
       2.4027356661918307e+03, 2.4862277592203853e+02,
       2.2827561110702782e+03, 1.9804156142481801e+02,
       6.9725320398200370e+02, 1.4481795822166159e+03,
       2.9285155930640968e+02, 1.8022585671245070e+03,
       2.5180142767261822e+02, 1.5094231959590099e+03,
       2.4064424075599237e+02, 1.4103549874224802e+03,
       1.2379337201291119e+03, 6.3350497719566488e+02,
       2.4027356661918307e+03, 2.5180142767261822e+02,
       2.9515058639471690e+03, 3.4804053862365822e+02,
       2.9738315377652507e+03, 3.4162856704072237e+02,
       2.9675185087867845e+02, 9.1689653882241237e+02,
       2.4862277592203864e+02, 1.5094231959590095e+03,
       3.4804053862365822e+02, 1.6949609276184988e+03,
       2.4805313709533198e+02, 1.7099305184810764e+03,
       1.0464917811752032e+03, 7.7162404467154875e+02,
       2.2827561110702782e+03, 2.4064424075599231e+02,
       2.9738315377652507e+03, 2.4805313709533198e+02,
       3.2100905167260339e+03, 2.4856501352454845e+02,
       2.4756892759954937e+02, 7.1557410700787432e+02,
       1.9804156142481807e+02, 1.4103549874224800e+03,
       3.4162856704072237e+02, 1.7099305184810764e+03,
       2.4856501352454845e+02, 1.8904401854539776e+03,
       1.1472106743432330e+04, -8.6575886411048634e+02,
       5.3448480563768262e+03, 1.4954831134678407e+03,
       2.0790754154609367e+03, 1.2142289061059048e+03,
       1.7987878015485810e+03, 8.9265996714011396e+02,
       -8.6575886411048668e+02, 4.9317661786176859e+03,
       3.4673237393964243e+01, 2.0335835478412534e+03,
       5.9507318533740010e+02, 1.1779094986044340e+03,
       8.6151449201226319e+02, 1.0035824124399037e+03,
       5.3448480563768271e+03, 3.4673237393964207e+01,
       3.8116466586571646e+03, 7.5563989555187004e+02,
       2.4358238914011240e+03, 6.7239422659968466e+02,
       2.2933665949347310e+03, 4.3675409997986577e+02,
       1.4954831134678407e+03, 2.0335835478412534e+03,
       7.5563989555186993e+02, 2.5798773313667116e+03,
       3.5019516943652695e+02, 2.1033375591380232e+03,
       3.5848463134654435e+02, 1.9377115490196963e+03,
       2.0790754154609363e+03, 5.9507318533740033e+02,
       2.4358238914011240e+03, 3.5019516943652707e+02,
       2.9677881520975652e+03, 1.8015733225190377e+02,
       3.0875725547060142e+03, 7.8235709077492047e+01,
       1.2142289061059048e+03, 1.1779094986044340e+03,
       6.7239422659968466e+02, 2.1033375591380232e+03,
       1.8015733225190371e+02, 2.2010094916109902e+03,
       6.7666666306916738e+01, 2.1216074498959038e+03,
       1.7987878015485812e+03, 8.6151449201226285e+02,
       2.2933665949347310e+03, 3.5848463134654435e+02,
       3.0875725547060142e+03, 6.7666666306916753e+01,
       3.4362228897063328e+03, -2.1251184934147279e+01,
       8.9265996714011419e+02, 1.0035824124399039e+03,
       4.3675409997986566e+02, 1.9377115490196963e+03,
       7.8235709077492032e+01, 2.1216074498959028e+03,
       -2.1251184934147325e+01, 2.2105719058763443e+03,
       9.2126708036649379e+03, 1.1840456019446501e+03,
       4.7337363973037491e+03, 1.2816410808582752e+03,
       3.1953415360226513e+03, 3.0321970653665704e+02,
       2.8996905321293088e+03, 7.9158350471825102e+01,
       1.1840456019446501e+03, 5.5400112197228545e+03,
       7.1941984632279195e+02, 3.1697428246268219e+03,
       5.6032626462370195e+02, 2.0910666919542523e+03,
       8.7997583668310654e+02, 1.5587646280319996e+03,
       4.7337363973037491e+03, 7.1941984632279184e+02,
       3.8337479248803652e+03, 5.2621380382254040e+02,
       3.3320492163603021e+03, 2.7880280112364289e+02,
       3.2071167655567669e+03, 1.5343299310726675e+02,
       1.2816410808582752e+03, 3.1697428246268219e+03,
       5.2621380382254017e+02, 2.7522271171645802e+03,
       3.1815099147299054e+02, 1.9586312692241279e+03,
       5.3233021124509196e+02, 1.5967095922745455e+03,
       3.1953415360226518e+03, 5.6032626462370195e+02,
       3.3320492163603030e+03, 3.1815099147299054e+02,
       3.5841173320444459e+03, 3.3007583288410433e+02,
       3.6398230249054554e+03, 2.6975746194297949e+02,
       3.0321970653665710e+02, 2.0910666919542527e+03,
       2.7880280112364272e+02, 1.9586312692241279e+03,
       3.3007583288410444e+02, 1.8201631063591960e+03,
       5.2754307446737198e+02, 1.6169006986629549e+03,
       2.8996905321293088e+03, 8.7997583668310676e+02,
       3.2071167655567669e+03, 5.3233021124509196e+02,
       3.6398230249054559e+03, 5.2754307446737198e+02,
       4.1729247706674423e+03, 4.8468147343351944e+02,
       7.9158350471825159e+01, 1.5587646280319996e+03,
       1.5343299310726675e+02, 1.5967095922745452e+03,
       2.6975746194297949e+02, 1.6169006986629549e+03,
       4.8468147343351933e+02, 1.6030084435812589e+03,
       2.4006260289646093e+03, -6.9309717907146009e+01,
       1.5901639301266091e+03, 9.6813936495650012e+01,
       9.3495290456354383e+02, 1.3400535501435417e+02,
       7.1167800084238729e+02, 1.9010152463724950e+02,
       -6.9309717907145995e+01, 5.2255524250788085e+03,
       -3.0084101718041012e+02, 2.8794075268084980e+03,
       -2.4868609769856627e+02, 1.7748758359279568e+03,
       3.7103094957550859e+01, 1.3403828289316987e+03,
       1.5901639301266091e+03, -3.0084101718041012e+02,
       2.2796909383487509e+03, -9.1280253655821440e+01,
       1.9120682692580608e+03, 1.3716755747297972e+02,
       1.5924738758165024e+03, 2.6593904910375255e+02,
       9.6813936495650026e+01, 2.8794075268084980e+03,
       -9.1280253655821483e+01, 2.4592458620479774e+03,
