%YAML:1.0
means: !!opencv-matrix
   rows: 8
   cols: 8
   dt: d
   data: [ 3.5221998421454867e+02, 4.8018607951137142e+02,
       3.5315060408658263e+02, 3.7467847553681014e+02,
       3.7719627192056674e+02, 2.7850564081459652e+02,
       4.4982656711304867e+02, 1.9454882540381521e+02,
       3.2122243255096738e-05, 6.6894738781266608e+02,
       3.4715450391015306e-07, 5.3317767135753706e+02,
       4.0498065104218361e-01, 3.8430719174998251e+02,
       4.3479636736212278e+01, 2.5053058481106541e+02,
       4.3132672179538460e+01, 3.9841729783238588e+02,
       4.1286570527380356e+01, 4.0438298808466266e+02,
       9.5584682304087536e+01, 3.3249491018036929e+02,
       1.7722255610773126e+02, 2.3062482081922957e+02,
       1.9639352479568592e+02, 4.6673217019275489e+02,
       2.0101127622408126e+02, 3.5859689866345872e+02,
       2.2045714236497463e+02, 2.6230066428751832e+02,
       2.9270818330928438e+02, 1.7958680841177681e+02,
       3.8804522433248032e+01, 5.3708309182850326e+02,
       4.5518658041149138e+01, 3.9649840523401787e+02,
       6.0121826459376663e+01, 2.7334419209666447e+02,
       1.4732826560177895e+02, 1.6220288191000955e+02,
       2.8286239413461732e+02, 5.6982205719041895e+02,
       2.7625514542582437e+02, 4.6788461968206451e+02,
       3.0591626945532619e+02, 3.5067918939344992e+02,
       3.9103110648534323e+02, 2.4693907976537042e+02,
       9.3053224397673375e+01, 6.1579082787434095e+02,
       1.0188235411540559e+02, 4.8859053391963221e+02,
       1.2210902910860607e+02, 3.7803103637595086e+02,
       2.0200025126264453e+02, 2.8066957493500189e+02,
       2.6604489163944453e+02, 3.2176710237058933e+02,
       2.5348466472775351e+02, 3.7095659527471872e+02,
       3.1874488113865908e+02, 3.2060777782278001e+02,
       4.0160285312976976e+02, 2.2599927841984618e+02 ]
covs: !!opencv-matrix
   rows: 64
   cols: 8
   dt: d
   data: [ 4.1220958937007226e+03, 5.4324869253825796e+02,
       3.1813652934765041e+03, 3.4600904278094521e+02,
       2.9787360150148365e+03, 3.9503107240736888e+01,
       2.9774064896124805e+03, -2.3358930003614705e+02,
       5.4324869253825773e+02, 1.9075821433570595e+03,
       3.8799831885642885e+02, 1.4870746433502238e+03,
       3.5310896762385687e+02, 1.2007827223078741e+03,
       4.3595983276037947e+02, 1.0728725756348390e+03,
       3.1813652934765041e+03, 3.8799831885642885e+02,
       2.9880256283463609e+03, 2.2301240928252074e+02,
       2.9417048946375130e+03, 6.2295946850237748e+01,
       2.9678040068126647e+03, -2.0006295807670654e+02,
       3.4600904278094521e+02, 1.4870746433502238e+03,
       2.2301240928252076e+02, 1.4257362488036351e+03,
       1.6360484886164261e+02, 1.3430034805716925e+03,
       1.1186085184512517e+02, 1.3437727793746901e+03,
       2.9787360150148365e+03, 3.5310896762385687e+02,
       2.9417048946375130e+03, 1.6360484886164267e+02,
       3.0532414546985092e+03, 1.7290142087465604e+01,
       3.1733201412749713e+03, -2.2177487993411864e+02,
       3.9503107240736888e+01, 1.2007827223078741e+03,
       6.2295946850237719e+01, 1.3430034805716928e+03,
       1.7290142087465572e+01, 1.5262878095413482e+03,
       -1.2682988098558056e+02, 1.6453267089194376e+03,
       2.9774064896124805e+03, 4.3595983276037958e+02,
       2.9678040068126643e+03, 1.1186085184512517e+02,
       3.1733201412749713e+03, -1.2682988098558059e+02,
       3.4509936882823304e+03, -3.9866757041313087e+02,
       -2.3358930003614714e+02, 1.0728725756348390e+03,
       -2.0006295807670654e+02, 1.3437727793746901e+03,
       -2.2177487993411853e+02, 1.6453267089194376e+03,
       -3.9866757041313099e+02, 1.9354146939839250e+03,
       3.2121211416617421e-05, 3.5633104874949291e-03,
       -1.1136199527798821e-11, 2.3148002715352722e-03,
       -1.2602380596987981e-05, 9.8898478357006565e-04,
       -1.0321202716951446e-03, -9.9103955451270594e-05,
       3.5633104874949291e-03, 3.4279665100567421e+04,
       8.3306673353429701e-05, 1.6410893099227997e+04,
       2.1949308417374844e+01, 1.1900232370010315e+04,
       1.3745069330920485e+03, 1.1103962831224717e+04,
       -1.1136199527798823e-11, 8.3306673353429701e-05,
       3.4715438339385528e-07, 4.7763456982012585e-05,
       -9.3474137983844784e-08, 4.1995515435617663e-05,
       -3.2506901275853785e-06, 2.4500185006752833e-05,
       2.3148002715352722e-03, 1.6410893099228000e+04,
       4.7763456982012585e-05, 1.2570296412125737e+04,
       6.4951684263287834e+00, 1.0240517349558335e+04,
       4.9233473089881221e+02, 9.7001210961032029e+03,
       -1.2602380596987981e-05, 2.1949308417374844e+01,
       -9.3474137983844784e-08, 6.4951684263287834e+00,
       3.9365856904827981e+00, 4.5304804998175552e+00,
       3.1388866535721920e+01, 6.8506457949668711e+00,
       9.8898478357006608e-04, 1.1900232370010317e+04,
       4.1995515435617663e-05, 1.0240517349558337e+04,
       4.5304804998175552e+00, 9.9220483243008257e+03,
       4.3809044168857980e+02, 9.7027821889047354e+03,
       -1.0321202716951446e-03, 1.3745069330920485e+03,
       -3.2506901275853793e-06, 4.9233473089881210e+02,
       3.1388866535721913e+01, 4.3809044168857969e+02,
       1.5492619800334292e+03, 6.0738495736701600e+02,
       -9.9103955451270581e-05, 1.1103962831224717e+04,
       2.4500185006752833e-05, 9.7001210961032029e+03,
       6.8506457949668729e+00, 9.7027821889047354e+03,
       6.0738495736701577e+02, 9.9046806601475437e+03,
       3.8306630085498978e+03, -1.4334980850652065e+02,
       1.4277342891743936e+03, 4.3563560544505970e+02,
       1.4285963523018231e+03, 1.1572104294467010e+02,
       1.4033587716563902e+03, 2.0670122274363717e+02,
       -1.4334980850652067e+02, 2.7185145788406258e+04,
       3.2813784195421027e+02, 1.4574745476084083e+04,
       -1.4368188375090751e+03, 6.0261686413949565e+03,
       -1.5984748256127634e+03, 5.7264265922784625e+03,
       1.4277342891743936e+03, 3.2813784195421027e+02,
       2.0927285507755064e+03, -1.4881382328288854e+01,
       2.3665805741725385e+03, -1.2152440866993082e+02,
       2.2585181622642199e+03, 1.4507351761569720e+02,
       4.3563560544505958e+02, 1.4574745476084085e+04,
       -1.4881382328288973e+01, 1.2204530745836144e+04,
       -5.6551665237572013e+02, 6.7114836154829691e+03,
       -3.9410707905532581e+02, 5.9970107593600787e+03,
       1.4285963523018231e+03, -1.4368188375090749e+03,
       2.3665805741725380e+03, -5.6551665237572013e+02,
       4.7276478303695194e+03, 1.6103409464550583e+02,
       5.1466038144438917e+03, 4.5621414301360431e+02,
       1.1572104294467010e+02, 6.0261686413949565e+03,
       -1.2152440866993085e+02, 6.7114836154829691e+03,
       1.6103409464550583e+02, 6.7124903900189884e+03,
       2.7836533560913273e+02, 6.3073613733759930e+03,
       1.4033587716563902e+03, -1.5984748256127630e+03,
       2.2585181622642199e+03, -3.9410707905532576e+02,
       5.1466038144438917e+03, 2.7836533560913273e+02,
       6.3403969968159881e+03, 4.2524685085651106e+02,
       2.0670122274363723e+02, 5.7264265922784634e+03,
       1.4507351761569720e+02, 5.9970107593600787e+03,
       4.5621414301360420e+02, 6.3073613733759930e+03,
       4.2524685085651117e+02, 6.5592741571731667e+03,
       3.0495478102849238e+03, 3.4026926804791816e+02,
       2.7174585979340191e+03, 3.3061546860055813e+02,
       2.6964699528009760e+03, 3.0236727376791055e+02,
       2.6495720804479133e+03, 2.9780607999814913e+02,
       3.4026926804791839e+02, 1.4807791247729444e+03,
       1.9320274906555528e+02, 1.1206818072952151e+03,
       1.8428951221583162e+02, 8.0904931269980978e+02,
       3.0274138168980113e+02, 6.4194024094167048e+02,
       2.7174585979340191e+03, 1.9320274906555522e+02,
       2.7262317590249490e+03, 2.4397769471664009e+02,
       2.7680643422858202e+03, 3.0710359318098870e+02,
       2.7323857168702243e+03, 3.1643950026560822e+02,
       3.3061546860055807e+02, 1.1206818072952151e+03,
       2.4397769471664009e+02, 9.9898992216327576e+02,
