%YAML:1.0
means: !!opencv-matrix
   rows: 8
   cols: 8
   dt: d
   data: [ 3.6775611469288594e+02, 4.2229371569809655e+02,
       3.6413398729757051e+02, 3.4297041950130318e+02,
       3.4833258736792874e+02, 2.7473958933481055e+02,
       2.9877946792868977e+02, 2.1126453152631058e+02,
       5.0735294591813675e+02, 5.6244448200590693e+02,
       5.0145856048536933e+02, 4.6212984288174840e+02,
       4.8531890873199040e+02, 3.8023499122731499e+02,
       4.2390707736210311e+02, 3.0189995782989143e+02,
       4.3903773660188233e+02, 5.3599490598921057e+02,
       4.4819859228966595e+02, 4.3307615293429200e+02,
       4.3332891709808786e+02, 3.4530344755783301e+02,
       3.7640440470454280e+02, 2.6674889472614842e+02,
       2.8419235548732382e+02, 5.7139806279714753e+02,
       2.8062115500660286e+02, 4.8351288661804375e+02,
       2.4710754954392857e+02, 3.9937192495070872e+02,
       1.7876513653406516e+02, 3.2904002765059153e+02,
       3.5115831921121816e+02, 2.0771883431050330e+02,
       3.6804929327262357e+02, 2.7186132741997494e+02,
       3.0939864396145219e+02, 3.0788878688954549e+02,
       2.5534798760423345e+02, 2.3853825732238369e+02,
       3.3952859035695030e+02, 4.1288035644501173e+02,
       3.3769680563281753e+02, 3.7966814835923003e+02,
       3.0699086427458013e+02, 3.0774835063813066e+02,
       2.5405405789405211e+02, 2.3908000575551333e+02,
       5.1539489644151752e+02, 3.9291030389770771e+02,
       5.0044730097246463e+02, 3.7507953690664777e+02,
       4.5780235392695039e+02, 3.1359605745927456e+02,
       4.0309242435926836e+02, 2.4383467992706537e+02,
       4.6684074856152694e+02, 4.2601280495325062e+02,
       4.6442900478216831e+02, 3.3196436449001027e+02,
       4.4512379433765403e+02, 2.4959294228439887e+02,
       3.8354969124436406e+02, 1.7673045970002957e+02 ]
covs: !!opencv-matrix
   rows: 64
   cols: 8
   dt: d
   data: [ 3.7250275993475032e+02, -2.3012728793291240e+02,
       1.4825989255103133e+02, -1.6548159186247628e+02,
       9.2246251815202129e+01, -8.8325179663382656e+01,
       8.0015382265017394e+01, -8.8102474233803292e+01,
       -2.3012728793291240e+02, 3.0947889913856301e+02,
       -8.1473286401234020e+01, 2.8225401148146420e+02,
       -3.5863092423516903e+01, 2.4509397340441527e+02,
       -2.2628290859628120e+00, 2.4858383433068909e+02,
       1.4825989255103133e+02, -8.1473286401234020e+01,
       1.2159646735995977e+02, -7.3526694232858532e+01,
       1.0009709677058954e+02, -6.5569277300618694e+01,
       8.8290957481352820e+01, -6.6111574882036706e+01,
       -1.6548159186247628e+02, 2.8225401148146420e+02,
       -7.3526694232858532e+01, 2.9572698222397503e+02,
       -3.2092047141296888e+01, 3.0063267302191031e+02,
       1.2378896232358766e+01, 3.0891159518516690e+02,
       9.2246251815202129e+01, -3.5863092423516903e+01,
       1.0009709677058954e+02, -3.2092047141296874e+01,
       9.5638810304387263e+01, -3.1310764891435152e+01,
       8.9754010874571946e+01, -3.3407993631058687e+01,
       -8.8325179663382656e+01, 2.4509397340441529e+02,
       -6.5569277300618694e+01, 3.0063267302191031e+02,
       -3.1310764891435152e+01, 3.6040242679531548e+02,
       2.5149408384761422e+01, 3.7406961778790276e+02,
       8.0015382265017394e+01, -2.2628290859628106e+00,
       8.8290957481352848e+01, 1.2378896232358766e+01,
       8.9754010874571946e+01, 2.5149408384761426e+01,
       9.5969071358201504e+01, 2.2690688799967766e+01,
       -8.8102474233803292e+01, 2.4858383433068909e+02,
       -6.6111574882036706e+01, 3.0891159518516690e+02,
       -3.3407993631058687e+01, 3.7406961778790276e+02,
       2.2690688799967763e+01, 3.9839219832070984e+02,
       1.2321926986610520e+03, -2.1876036611006958e+02,
       8.0304571678828870e+02, -8.2914184784013329e+01,
       6.7982507515952443e+02, 6.1528533426227646e+01,
       6.2402202797236680e+02, 1.0506532854368825e+02,
       -2.1876036611006953e+02, 2.3062759409827513e+03,
       2.0061385775319104e+02, 1.7921891096122602e+03,
       2.9252414283810452e+02, 1.3741083964274678e+03,
       2.3277430845138790e+02, 1.0388546042959852e+03,
       8.0304571678828870e+02, 2.0061385775319104e+02,
       8.2107887419892302e+02, 2.0785843179080462e+02,
       8.3455642759323246e+02, 2.0820755013843760e+02,
       8.3510656819742940e+02, 1.5904945763904740e+02,
       -8.2914184784013301e+01, 1.7921891096122602e+03,
       2.0785843179080462e+02, 1.4594175621100781e+03,
       3.0098725709430170e+02, 1.1742309890074223e+03,
       2.7251234471217902e+02, 8.9515966116337177e+02,
       6.7982507515952443e+02, 2.9252414283810452e+02,
       8.3455642759323246e+02, 3.0098725709430170e+02,
       9.7095028247400637e+02, 2.8123513783416553e+02,
       1.0397286668685572e+03, 1.6796202329702416e+02,
       6.1528533426227632e+01, 1.3741083964274681e+03,
       2.0820755013843760e+02, 1.1742309890074223e+03,
       2.8123513783416553e+02, 1.0275686322687043e+03,
       2.6191458831952758e+02, 8.0693493285215482e+02,
       6.2402202797236680e+02, 2.3277430845138787e+02,
       8.3510656819742940e+02, 2.7251234471217919e+02,
       1.0397286668685572e+03, 2.6191458831952758e+02,
       1.1967980082526049e+03, 1.0798455988916523e+02,
       1.0506532854368825e+02, 1.0388546042959854e+03,
       1.5904945763904740e+02, 8.9515966116337177e+02,
       1.6796202329702416e+02, 8.0693493285215482e+02,
       1.0798455988916523e+02, 6.9245695304804724e+02,
       9.0856769176239573e+02, 6.1555482484646961e+02,
       7.0319030068539098e+02, 3.8362172868582178e+02,
       5.5827695558977314e+02, 2.6237667698245730e+02,
       3.5740880356840046e+02, 2.1612325920056645e+02,
       6.1555482484646961e+02, 1.1451208134523984e+03,
       7.6708356994544704e+02, 7.6641781165901364e+02,
       6.7799961990163297e+02, 4.2284266540426279e+02,
       4.7237826818913470e+02, 3.2040064092604257e+02,
       7.0319030068539098e+02, 7.6708356994544704e+02,
       7.4418434852532482e+02, 4.8958160952461577e+02,
       6.4655888750554993e+02, 2.5880965098526980e+02,
       4.6543793334976488e+02, 1.6389337109087887e+02,
       3.8362172868582178e+02, 7.6641781165901375e+02,
       4.8958160952461566e+02, 5.4774315092880840e+02,
       4.3871800987070043e+02, 3.3790175281142922e+02,
       3.1883974700939319e+02, 2.7629000069017889e+02,
       5.5827695558977314e+02, 6.7799961990163297e+02,
       6.4655888750554993e+02, 4.3871800987070043e+02,
       6.0525478431512590e+02, 2.2102796839007931e+02,
       4.7632879649868067e+02, 1.0586245377913609e+02,
       2.6237667698245724e+02, 4.2284266540426279e+02,
       2.5880965098526980e+02, 3.3790175281142922e+02,
       2.2102796839007928e+02, 2.7722433576729043e+02,
       1.6263957489672052e+02, 2.6301128670993126e+02,
       3.5740880356840046e+02, 4.7237826818913470e+02,
       4.6543793334976488e+02, 3.1883974700939319e+02,
       4.7632879649868073e+02, 1.6263957489672049e+02,
       4.3349037694072837e+02, 4.5634855093382647e+01,
       2.1612325920056648e+02, 3.2040064092604257e+02,
       1.6389337109087887e+02, 2.7629000069017877e+02,
       1.0586245377913608e+02, 2.6301128670993126e+02,
       4.5634855093382647e+01, 3.0022380020928085e+02,
       5.1026087542966288e+03, -2.0389361133762370e+03,
       1.3903628599656881e+03, -1.2336902193946626e+03,
       4.0634550790844270e+02, -1.4635025976652742e+02,
       4.5798483634322048e+02, -1.1202100175202926e+02,
       -2.0389361133762370e+03, 2.5980969331833567e+03,
       -4.3554865952746860e+02, 1.3127253799109867e+03,
       8.2343692621976189e+01, 5.0603785330224883e+02,
       1.9253078194772249e+02, 1.9676592079431720e+02,
       1.3903628599656884e+03, -4.3554865952746860e+02,
       8.5583865720709639e+02, -2.6685876936493037e+02,
       5.8385945960259505e+02, -1.1454790178086368e+02,
       6.8097915680061351e+02, -1.4784095244066330e+02,
       -1.2336902193946628e+03, 1.3127253799109865e+03,
       -2.6685876936493037e+02, 9.4063985055509681e+02,
